name: mka
channels:
  - conda-forge
  - defaults
dependencies:
  - _openmp_mutex=4.5=2_gnu
  - bzip2=1.0.8=h2466b09_7
  - ca-certificates=2024.8.30=h56e8100_0
  - easyprocess=1.1=pyhd8ed1ab_0
  - entrypoint2=1.1=pyhd8ed1ab_0
  - freetype=2.12.1=hdaf720e_2
  - jeepney=0.8.0=pyhd8ed1ab_0
  - lcms2=2.16=h67d730c_0
  - lerc=4.0.0=h63175ca_0
  - libdeflate=1.22=h2466b09_0
  - libexpat=2.6.3=he0c23c2_0
  - libffi=3.4.2=h8ffe710_5
  - libgcc=14.1.0=h1383e82_1
  - libgomp=14.1.0=h1383e82_1
  - libjpeg-turbo=3.0.0=hcfcfb64_1
  - libpng=1.6.44=h3ca93ac_0
  - libsqlite=3.46.1=h2466b09_0
  - libtiff=4.7.0=hfc51747_1
  - libwebp-base=1.4.0=hcfcfb64_0
  - libwinpthread=12.0.0.r4.gg4f2fc60ca=h57928b3_8
  - libxcb=1.17.0=h0e4246c_0
  - libzlib=1.3.1=h2466b09_2
  - mouseinfo=0.1.3=pyhd8ed1ab_0
  - openjpeg=2.5.2=h3d672ee_0
  - openssl=3.3.2=h2466b09_0
  - pillow=10.4.0=py312h381445a_1
  - pip=24.2=pyh8b19718_1
  - pthread-stubs=0.4=h0e40799_1002
  - pyautogui=0.9.54=py312h2e8e312_3
  - pygetwindow=0.0.9=py312h2e8e312_3
  - pymsgbox=1.0.9=pyhd8ed1ab_1
  - pynput=1.7.7=py312h2e8e312_0
  - pyperclip=1.9.0=pyh7428d3b_0
  - pyrect=0.2.0=pyhd8ed1ab_0
  - pyscreenshot=3.1=pyhd8ed1ab_0
  - pyscreeze=0.1.30=pyhd8ed1ab_0
  - python=3.12.7=hce54a09_0_cpython
  - python-mss=9.0.1=pyhd8ed1ab_0
  - python-xlib=0.33=pyhd8ed1ab_0
  - python_abi=3.12=5_cp312
  - pytweening=1.2.0=pyhd8ed1ab_0
  - rubicon-objc=0.4.9=pyhd8ed1ab_0
  - setuptools=75.1.0=pyhd8ed1ab_0
  - six=1.16.0=pyh6c4a22f_0
  - tk=8.6.13=h5226925_1
  - tzdata=2024b=hc8b5060_0
  - ucrt=10.0.22621.0=h57928b3_1
  - vc=14.3=h8a93ad2_22
  - vc14_runtime=14.40.33810=hcc2c482_22
  - vs2015_runtime=14.40.33810=h3bf8584_22
  - wheel=0.44.0=pyhd8ed1ab_0
  - xorg-libxau=1.0.11=h0e40799_1
  - xorg-libxdmcp=1.1.5=h0e40799_0
  - xz=5.2.6=h8d14728_0
  - zstd=1.5.6=h0ea2cb4_0
prefix: D:\Anaconda\envs\mka
